cartesian_position_BF: [0.6886704429391095, -0.17071458327489825, 0.357902117313222]
cartesian_q_BF: [-0.6233885773957619, 0.18924793094041578, 0.6807849203263527, 0.3348190473427436]
