cartesian_position_BF: [0.5546654601763658, 0.10491412580576123, 0.3505298394938705]
cartesian_q_BF: [0.8410754273213737, -0.3489766776429374, -0.384625483415653, -0.15123042526139438]
