cartesian_position_BF: [0.6551842701843733, -0.1856530457643893, 0.40810410346692305]
cartesian_q_BF: [0.6587913882035609, -0.27618124176814485, -0.649118614372253, -0.2614629094148499]
