cartesian_position_BF: [0.7869323738462574, 0.03132536722621582, 0.35344073868289094]
cartesian_q_BF: [0.6588185223661835, -0.27620302751973547, -0.649092762933688, -0.2614357039183498]
