cartesian_position_BF: [0.8630069586570724, -0.2000530880059045, 0.3594866098337189]
cartesian_q_BF: [-0.3970660934080573, 0.17007956230223523, 0.8352715492613946, 0.3401953834889809]
