cartesian_position_BF: [0.8374792487104676, -0.17484300915989237, 0.40867942098409527]
cartesian_q_BF: [-0.46832658076689554, 0.19910971551971668, 0.79750951700898, 0.3240433693395845]
