cartesian_position_BF: [0.6003970430756128, 0.059695027441690696, 0.3518465351718685]
cartesian_q_BF: [0.8043487783976493, -0.3344928871195889, -0.4564628255380137, -0.18105037989041947]
