cartesian_position_BF: [0.7817376742524621, 0.026103323856052404, 0.35351651033208426]
cartesian_q_BF: [-0.6008104608042727, 0.3863953952685236, 0.6846652292708489, 0.14477193281481035]
