cartesian_position_BF: [0.684257516633949, -0.19957663106118614, 0.40859346191106316]
cartesian_q_BF: [-0.623402163604077, 0.1892356346583314, 0.6807736293781421, 0.33482365886019366]
