cartesian_position_BF: [0.6263669438800057, -0.1308884697041996, 0.3566391260436173]
cartesian_q_BF: [0.7078428255912981, -0.09628499887272851, -0.5592997324233974, -0.42056098554445465]
