cartesian_position_BF: [0.4037776211215707, 0.005783423114411651, 0.40222748696759264]
cartesian_q_BF: [0.9097059250188356, -0.04025852432948394, -0.3097183499927826, -0.2736584091201768]
