R_CS: [0.03647384822981079, 0.9992928316713294, -0.009137557967246373, -0.9990283152081325,
  0.03668751215969842, 0.02442236401194738, 0.02474032755864017, 0.008237901542749827,
  0.9996599687746143]
T_CS: [-0.055866813506436304, -0.004254412384035356, 0.295117157960467]
cartesian_position_BF: [0.6764132541829597, -0.015487622185312242, 0.35405427742444007]
cartesian_q_BF: [0.6587923044470274, -0.27620899869918425, -0.6491045019386489, -0.2614663156162738]
