cartesian_position_BF: [0.8004077784240936, -0.13811226811982952, 0.4076475807292665]
cartesian_q_BF: [-0.5360875403631781, 0.22656431710656433, 0.7536374111369191, 0.305465893049024]
