cartesian_position_BF: [0.7106875943188115, -0.22876655495761022, 0.40942671419668497]
cartesian_q_BF: [-0.5830501439837756, 0.09088013595982386, 0.7058071669694159, 0.39195608624312855]
