cartesian_position_BF: [0.5600012936564704, -0.046151557209216, 0.35423961377653235]
cartesian_q_BF: [0.8050510156765717, -0.18035044651609222, -0.4804901242703837, -0.2974824685224305]
