cartesian_position_BF: [0.527535881410714, -0.0476719854183251, 0.4041010744807342]
cartesian_q_BF: [0.8050564863635953, -0.18038905552466775, -0.4804754838981188, -0.29746790042572696]
