cartesian_position_BF: [0.7070034354481438, 0.13364510789062709, 0.4005566676906316]
cartesian_q_BF: [0.7105894224815033, -0.40567896582472013, -0.5699054648167572, -0.0754652934585583]
