cartesian_position_BF: [0.5846168788205578, -0.17307114684565292, 0.40747761060193943]
cartesian_q_BF: [0.7135418304294547, -0.03423101882905775, -0.5205167704788096, -0.4677056608890032]
