cartesian_position_BF: [0.5858468598876195, -0.06903671559946692, 0.3549215801116413]
cartesian_q_BF: [0.7361182441847627, -0.23467851247218885, -0.5663652963631891, -0.28685584783584406]
