cartesian_position_BF: [0.8330452028181012, 0.07795595881552389, 0.40249953539413025]
cartesian_q_BF: [-0.5245770156429937, 0.48484772226833506, 0.6994142350129586, 0.02369322121487273]
