cartesian_position_BF: [0.6081959465286527, -0.149231912253694, 0.40697293138486745]
cartesian_q_BF: [0.707832437754499, -0.09629576873021131, -0.559316098946318, -0.4205542372235175]
