cartesian_position_BF: [0.7058202611664756, 0.1011870261474543, 0.35131982448632526]
cartesian_q_BF: [0.7105722143432484, -0.40567871256392174, -0.569927994853018, -0.0754585386727752]
