cartesian_position_BF: [0.7118514176190472, -0.19630561938735258, 0.35864940034035414]
cartesian_q_BF: [-0.5830378713355149, 0.09087484370888119, 0.7058058081279379, 0.3919780154323804]
