cartesian_position_BF: [0.8606535710230818, -0.02135388327897439, 0.40510194657218634]
cartesian_q_BF: [-0.5754386744091315, 0.303619214578483, 0.7261859239847335, 0.22212543379686756]
