cartesian_position_BF: [0.4795339450924104, -0.021963701583647844, 0.4032694530327973]
cartesian_q_BF: [0.8635092509765465, -0.11488749499405128, -0.39404936101898047, -0.29304903694168605]
