cartesian_position_BF: [0.6452392799893317, 0.015341519895109679, 0.4031434273859079]
cartesian_q_BF: [0.7128652681762804, -0.29796597514751094, -0.5892020069626598, -0.2363903172160982]
