cartesian_position_BF: [0.6807736963924637, 0.18138537633214863, 0.3992384696855462]
cartesian_q_BF: [0.7254034380294919, -0.44428708587468774, -0.5247898958903306, 0.03153414960622572]
