cartesian_position_BF: [0.4515103483951689, 0.0006848971224400601, 0.352590054266813]
cartesian_q_BF: [0.9097147834710155, -0.040262648608679875, -0.30969666005824065,
  -0.2736529017022632]
