cartesian_position_BF: [0.809478243232282, 0.05411217413132577, 0.4029860822767896]
cartesian_q_BF: [-0.5648500249256195, 0.43727676500527063, 0.6946801641521427, 0.08457511254267036]
