cartesian_position_BF: [0.8172889130439637, -0.15481673281117464, 0.3581311130591828]
cartesian_q_BF: [-0.46834667812292446, 0.19907716873307296, 0.7974954498406576, 0.32406893936922376]
