cartesian_position_BF: [0.7598604291867221, -0.304275619366017, 0.3615441920650083]
cartesian_q_BF: [-0.49248109884864977, -0.12783102040437788, 0.733165435289262, 0.4512095322533754]
