cartesian_position_BF: [0.6329207076627827, 0.0275114177073719, 0.35277522382185444]
cartesian_q_BF: [0.761494796634623, -0.317434570702893, -0.5248421268420215, -0.20952734884259974]
