R_CS: [0.036867017366279176, 0.9993089671816805, -0.004734040641711834, -0.9991510129537989,
  0.036947525388728614, 0.01822453513939, 0.018386852474310985, 0.004058137249054578,
  0.9998227118735382]
T_CS: [-0.16704697831137602, 0.04128300873967716, 0.2963659831326287]
cartesian_position_BF: [0.6307706088262511, -0.126444421282009, 0.35654690228846053]
cartesian_q_BF: [0.6587940526904682, -0.27618139402625075, -0.649117159730331, -0.2614596463644332]
