cartesian_position_BF: [0.7970333261633804, 0.04154391540360441, 0.4032246854546794]
cartesian_q_BF: [-0.6322022712793445, 0.3325421642900367, 0.6694460400678841, 0.2039068331272067]
