cartesian_position_BF: [0.6372589163134968, -0.11987005718347349, 0.35640931151831357]
cartesian_q_BF: [0.6803542222970016, -0.2177034774340107, -0.6238557007250332, -0.31706055066605215]
