cartesian_position_BF: [0.7334250652590841, 0.10445325665854646, 0.4013672308733255]
cartesian_q_BF: [0.688143009196598, -0.34909316689632996, -0.6117801588621726, -0.17412121336218037]
