cartesian_position_BF: [0.8464004927052153, 0.0075428390020178026, 0.40429008888649304]
cartesian_q_BF: [0.6587924749818113, -0.27619036266155966, -0.6491159321788189, -0.2614571954868326]
