cartesian_position_BF: [0.938144276993512, -0.0731714927041265, 0.4066830904790603]
cartesian_q_BF: [-0.4008282314198762, 0.31353875926512714, 0.8542074321076468, 0.10658254203836406]
