cartesian_position_BF: [0.8997558676293935, -0.07149647653073092, 0.35648036189135135]
cartesian_q_BF: [-0.40083099179028087, 0.3135128983205131, 0.8542137409255992, 0.10659767080469264]
