cartesian_position_BF: [1.0139157049787308, -0.10090939139971807, 0.4077689687751738]
cartesian_q_BF: [-0.31493607942258445, 0.29564340673829453, 0.9012518702588239, 0.03398982619961363]
