cartesian_position_BF: [0.890113168135435, -0.047463833734760215, 0.40585067174190465]
cartesian_q_BF: [-0.48856328817908007, 0.31621945825560527, 0.7952534986262575, 0.16995011205313965]
