cartesian_position_BF: [0.5570438289902475, -0.07376384128508413, 0.4049048165817808]
cartesian_q_BF: [0.7361166408033037, -0.23467764825615334, -0.5663640736118075, -0.28686308347931666]
