cartesian_position_BF: [0.6172738047884683, 0.042993630798812105, 0.40232992985862054]
cartesian_q_BF: [0.7614966658574376, -0.31741967149709405, -0.5248489293429972, -0.2095260876411181]
