cartesian_position_BF: [0.9661829666149423, -0.09581775457452242, 0.3574150855641225]
cartesian_q_BF: [-0.314925155890009, 0.2956211683386134, 0.9012634899220813, 0.03397635576747236]
