cartesian_position_BF: [0.8896758336638545, -0.22643002451033478, 0.4102402241638998]
cartesian_q_BF: [-0.3970749767641499, 0.17007337976727888, 0.8352726052414668, 0.34018551300050764]
