cartesian_position_BF: [0.6669126902836825, -0.006055502667881232, 0.4037989709748336]
cartesian_q_BF: [0.6588026034686255, -0.2761876825030852, -0.6490999997488096, -0.261474059942153]
