cartesian_position_BF: [0.5712641084180246, -0.1026737012697851, 0.40565884119617646]
cartesian_q_BF: [0.6587855552608376, -0.2762050396740029, -0.6491127666689848, -0.261466985269058]
