cartesian_position_BF: [0.8576602918300208, -0.048965341422734246, 0.3557300573387218]
cartesian_q_BF: [-0.488567500548583, 0.3162212772754596, 0.7952499392798382, 0.16995127325619513]
