cartesian_position_BF: [0.7804272142341655, 0.024767403524929826, 0.3535716225229469]
cartesian_q_BF: [-0.6322005075578913, 0.332525655549909, 0.6694508319492579, 0.20392349116052189]
