cartesian_position_BF: [0.8318223793270261, -0.026085461735415486, 0.3550427432659562]
cartesian_q_BF: [-0.5754122943500224, 0.303629231821568, 0.7262056709531723, 0.22211552077633312]
