cartesian_position_BF: [0.5801640393499541, 0.07971696214201796, 0.4012559585420152]
cartesian_q_BF: [0.8043484476504259, -0.33446488163671567, -0.45648498771933405, -0.18104771111772813]
