cartesian_position_BF: [0.7368843432645547, -0.27650769953547777, 0.41071941765371134]
cartesian_q_BF: [-0.5389339385859637, -0.015878256466935456, 0.7234540512651843, 0.4311755170690753]
