cartesian_position_BF: [0.6359174417490915, -0.12121971311677078, 0.3564368921613039]
cartesian_q_BF: [0.6967493371203248, -0.15760500444132802, -0.593833228248964, -0.3702203679227437]
