cartesian_position_BF: [0.6056613439476084, -0.15178337654407875, 0.35703520619394663]
cartesian_q_BF: [0.7135270578303903, -0.034229095776373265, -0.520532073243762, -0.4677113078286546]
