cartesian_position_BF: [0.5280247919834213, 0.13131018695112096, 0.39977112044210994]
cartesian_q_BF: [0.8410841274869991, -0.34897967431500393, -0.3846073888469338, -0.15122114220164973]
