cartesian_position_BF: [0.7985494039886577, 0.04309264392271665, 0.403183573226413]
cartesian_q_BF: [-0.6008070118691197, 0.3863829557783983, 0.6846747384774832, 0.14477447448925188]
