cartesian_position_BF: [0.784755385845081, -0.12263959063152782, 0.35719219644524164]
cartesian_q_BF: [-0.536072927005082, 0.22656538507397594, 0.7536441113668843, 0.3054742159667579]
