cartesian_position_BF: [0.517915620297564, -0.02363606051756618, 0.3534969763418211]
cartesian_q_BF: [0.863515518852257, -0.11490251564522415, -0.39403955646288824, -0.29303786196027287]
