R_CS: [0.03657049839415347, 0.9993028319085767, -0.007513240758982765, -0.9990176345922656,
  0.036746282522804374, 0.024768457651395667, 0.025027273540638773, 0.0066000651703951325,
  0.9996649812406498]
T_CS: [-0.05589817397284962, 0.041355793486037865, 0.2950463714807077]
cartesian_position_BF: [0.7088445099940276, -0.047561078363871176, 0.3549939913680244]
cartesian_q_BF: [0.6587862518024177, -0.27619704016791724, -0.6491175716820853, -0.26146175164286967]
