cartesian_position_BF: [0.7724422274657767, -0.11046560514020529, 0.4068402945024712]
cartesian_q_BF: [-0.5997221762606626, 0.2523293051587562, 0.7040553473732858, 0.28455105147294185]
