cartesian_position_BF: [0.804446127749222, 0.04903487722834296, 0.403061850484445]
cartesian_q_BF: [0.6587913774012178, -0.2762054689587382, -0.649117097091311, -0.26144111046819013]
