cartesian_position_BF: [0.65743295029736, 0.0032796231871411643, 0.3535006198798135]
cartesian_q_BF: [0.7128633719678292, -0.29795201027864254, -0.5892082769118828, -0.23639800950114445]
