cartesian_position_BF: [0.6578423099630869, 0.20916636889413825, 0.3484946977137388]
cartesian_q_BF: [0.7321870062848096, -0.46372139358355563, -0.47775783039435815, 0.1435691904883844]
