cartesian_position_BF: [0.7348074342794895, -0.23814692841511503, 0.3597649517303738]
cartesian_q_BF: [-0.5389473615193888, -0.01588810590591464, 0.7234552565012652, 0.43115635382387807]
