cartesian_position_BF: [0.7088153872763008, -0.047562225939861785, 0.40496207036747894]
cartesian_q_BF: [0.6587889894940376, -0.27621111522943753, -0.6491103166882435, -0.26145799646219414]
