cartesian_position_BF: [0.6191036813089726, -0.13819842465143448, 0.40676035159361246]
cartesian_q_BF: [0.6967342305182412, -0.15758977694949652, -0.5938551440306334, -0.37022012659162506]
