cartesian_position_BF: [0.7624859278519793, 0.09052929777034552, 0.4018392274838001]
cartesian_q_BF: [0.658772272093565, -0.27621390248249283, -0.6491257096449631, -0.261458957915001]
