cartesian_position_BF: [0.8119867370942062, 0.0566730645191177, 0.35291780621241886]
cartesian_q_BF: [-0.5245816616623789, 0.4848434591080696, 0.6994136795773208, 0.023693991385433853]
