cartesian_position_BF: [0.6631772026491264, -0.15851748886138448, 0.3574637901059098]
cartesian_q_BF: [0.6587810212659053, -0.2761798505103189, -0.6491335476175601, -0.2614534252011065]
