cartesian_position_BF: [0.7602362184239071, -0.09840526618614888, 0.35647688973276515]
cartesian_q_BF: [-0.5997137516414014, 0.252325166010634, 0.7040699748200898, 0.28453628458729235]
