cartesian_position_BF: [0.7913006595625764, 0.03576420463323122, 0.35332543749447526]
cartesian_q_BF: [-0.5648448825320413, 0.4372858086050281, 0.6946819515461883, 0.0845480127855859]
