cartesian_position_BF: [0.6828728010083135, 0.14304884944934826, 0.3502185539107042]
cartesian_q_BF: [0.7254149053215624, -0.4442784249681655, -0.524782875696263, 0.03150919899135272]
