cartesian_position_BF: [0.7290249367038505, 0.07561763368284047, 0.3520911339222797]
cartesian_q_BF: [0.6881799331638151, -0.3490739320394083, -0.6117492793715943, -0.17412233845641303]
