cartesian_position_BF: [0.6522091049706221, 0.25682039416895347, 0.3972474956616773]
cartesian_q_BF: [0.7321672483012669, -0.4637231872619295, -0.4777671743255691, 0.1436330506796772]
