cartesian_position_BF: [0.7507849384747501, -0.08905672943736016, 0.4061967130372222]
cartesian_q_BF: [0.6587942210946475, -0.2761808722404964, -0.6491199320782727, -0.26145289028709395]
