cartesian_position_BF: [0.6132339600732719, -0.14416266623059534, 0.40689837703868165]
cartesian_q_BF: [0.658797853225919, -0.2761774323566166, -0.6491146077334481, -0.2614605906611547]
