R_CS: [0.03672355387585241, 0.9992946471567637, -0.007847850314980656, -0.9990403098264137,
  0.03689953441464179, 0.023598383460018968, 0.02387132029592825, 0.006973702303772563,
  0.99969071594344]
T_CS: [0.05523425672434218, -0.004164776730408278, 0.2946099960175518]
cartesian_position_BF: [0.7544845136758825, 0.06339742908721271, 0.35249216730414795]
cartesian_q_BF: [0.6587912681844585, -0.2761978631641811, -0.6491095086038542, -0.26146826038262716]
