R_CS: [0.036904646780306125, 0.9993070496062013, -0.004844342408422859, -0.9991149801561974,
  0.0369945872263653, 0.02001641684797934, 0.020181760911824873, 0.0041013562756791865,
  0.9997879152116202]
T_CS: [-0.16702691600504108, -0.004359910144944164, 0.29635870950533616]
cartesian_position_BF: [0.5983218647258685, -0.0943802803961532, 0.3555927302425203]
cartesian_q_BF: [0.6587931314259159, -0.27622125869151426, -0.6491031202219623, -0.2614547103248007]
