cartesian_position_BF: [0.6206495490523232, -0.13665953454635907, 0.4067423308345604]
cartesian_q_BF: [0.6803524564793898, -0.21770476008812062, -0.6238564451823443, -0.31706199425646003]
