cartesian_position_BF: [0.7412713878133529, -0.07963191350891416, 0.35593279948841533]
cartesian_q_BF: [0.6588029863964578, -0.2761899493627133, -0.6491067234373861, -0.2614540085263804]
