cartesian_position_BF: [0.8193346400786066, -0.0007545597163881265, 0.3543553930329353]
cartesian_q_BF: [0.6587906439496031, -0.27620334378083394, -0.6491207870426389, -0.26143604219368854]
